UU	UM	MU	MM
1	0.926512255232515	0.03604281084678	0.0360428108442855	0.00140212307641936
2	1	4.50706899463295e-23	7.0569779105006e-77	3.18062863362269e-99
3	0.974328160091722	0.0127525095318984	0.0127524201239139	0.000166910252465325
4	0.954039474247177	0.0227100749324549	0.022709862415912	0.000540588404455771
5	0.9382563923507	0.0303801545738835	0.0303797749812677	0.000983678094149061
6	0.926161519234206	0.0362116417131741	0.0362110372931117	0.00141580175950817
7	0.917045516153317	0.0405798715608315	0.0405789661531767	0.00179564613267455
8	0.910324819106825	0.043785272100681	0.0437839650846651	0.00210594370782921
9	0.905541714297873	0.0460587621393072	0.0460569205496497	0.00234260301316996
10	0.902356030966473	0.0475694686766173	0.0475669169968246	0.00250758336008481
11	0.900534487215857	0.0484322149880808	0.0484287220562928	0.00260457573976972
12	0.899941264873981	0.0487134453298369	0.0487087077600335	0.00263658203614839
13	0.900531748989616	0.0484349532143101	0.0484285748006471	0.00260472299542668
14	0.902350348999899	0.0475751506431684	0.0475666174768988	0.00250788288003386
15	0.905532667660712	0.046067808776431	0.0460564604270415	0.00234306313581519
16	0.910311752913579	0.0437983382938734	0.0437833366389847	0.00210657215356291
17	0.917027517471487	0.0405978702425892	0.0405781697174263	0.00179644256849801
18	0.926137393482984	0.0362357674642985	0.0362100940252596	0.00141674502745774
19	0.938224650894199	0.0304118960302569	0.0303787472257475	0.000984705849796599
20	0.953998350524839	0.0227511986546293	0.0227088835110078	0.000541567309523687
21	0.974275679572157	0.0128049900512571	0.012751733236826	0.000167597139759814
22	0.999999668949032	3.31050968374026e-07	4.99945588126908e-24	1.65507525875161e-30
23	1	2.17237069508571e-34	2.50799029286527e-37	5.44828461577995e-71
24	0.999999999991525	8.4754399716252e-12	1.0647495781892e-38	9.02422113483228e-50
25	0.993923875828573	2.36882310843576e-05	0.00605229169581106	1.44244531967595e-07
26	0.999465785421112	1.62338742696503e-13	0.000534214578725484	8.67700768805178e-17
27	0.993425983214579	0.00275188607199318	0.00381157228947569	1.0558423952092e-05
28	1	5.94916358598394e-18	2.53544651444373e-38	1.50837860779386e-55
29	1	4.25536306153866e-40	2.77008310249318e-53	1.17877093117419e-92
30	0.999999761506466	2.38493533833772e-07	2.77008295290702e-37	6.60647030011531e-44
31	0.999999991814834	8.18516580253638e-09	6.52152012641038e-17	5.33797239561688e-25
32	2.98346753322218e-05	0.996731611335733	9.69351364786576e-08	0.00323845705379849
33	0.0012791308881101	0.997680974220758	1.33154634387449e-06	0.00103856334478763
34	0.792520788445556	0.203362840967767	0.00327579364348908	0.000840576943187475
35	0.995022937652845	0.00497706234712728	2.7642744814884e-14	1.38267832009926e-16
36	0.982060798250635	0.015176762807585	0.0027203979254497	4.20410163304974e-05
37	1	4.42942279397111e-16	1.41803254313648e-36	6.28106566916155e-52
38	0.999905184550294	9.48154451022767e-05	4.60336007641672e-12	4.36511022600411e-16
39	0.999996542322408	3.45767759203516e-06	1.9804164482249e-16	6.84766525294379e-22
40	0.959096361662191	0.00272597317971021	0.0380694629595061	0.000108202198592154
41	0.342435606828536	1.80395832592975e-08	0.657564340491247	3.46406344202883e-08
42	0.999999999996096	2.54693294262023e-17	3.90401539258561e-12	9.94326541191154e-29
43	0.986377866525646	0.0067874247242101	0.0067879994344215	4.67093157223827e-05
44	0.981860288005999	0.0090281769751954	0.00902851805617835	8.30169626276068e-05
45	0.986378288625477	0.00678742739785746	0.00678757756547983	4.67064111855294e-05
46	1	1.40691443175976e-101	8.5975246629679e-57	1.209598152574e-157
47	1	1.23186986904599e-99	3.08933176448087e-72	3.80565471615067e-171
48	0.986378437929056	0.00678742834357029	0.00678742834356985	4.67053838036267e-05
49	0.981860626346943	0.0090281799007329	0.00902817990073189	8.30138515924023e-05
50	0.986378437929055	0.00678742834357154	0.00678742834356984	4.67053838036353e-05
51	1	7.54923159548413e-28	6.46705625339173e-85	4.8821305397878e-112
52	1	1.77447260934146e-50	1.70072389296518e-95	3.01788796411928e-145
53	0.91586720172253	0.0584746606432993	0.0241182767815803	0.00153986085259044
54	0.00760228761580367	0.300788881058296	0.0170491563554651	0.674559674970435
55	0.142790416764649	0.854687075342017	0.000361100833083126	0.00216140706025162
56	0.000136319187842298	0.999863680798993	1.79460671069119e-15	1.3162945728624e-11
57	0.000675615967001451	0.490841911278827	0.000698935151830873	0.507783537602341
58	8.84001178619888e-05	0.520396383634705	8.14417692046143e-05	0.479433774478229
59	0.00588819161129289	0.993943278873129	9.92501345651824e-07	0.000167537014232212
60	0.0698781705207476	0.784755504199533	0.0118857156771822	0.133480609602537
61	4.02810638860008e-06	0.018803250916429	0.00021014994582794	0.980982571031355
62	0.286816926662195	0.443324310030252	0.10600697130237	0.163851792005183
63	0.458025020576598	0.381921897579045	0.0872773201740894	0.072775761670268
64	0.557506703535905	0.346817238152546	0.0589833370738702	0.0366927212376791
65	0.611067843485289	0.337000922629923	0.0334717356310958	0.0184594982536922
66	0.095147560819436	0.8926984734981	0.00117064820710493	0.0109833174753587
67	0.99999996432741	3.56725901827463e-08	1.15489037995671e-42	4.11979326998288e-50
68	0.276749226251552	0.723250773547736	5.55470602672786e-11	1.45165552405539e-10
69	0.993833751993024	0.00616624800539045	1.57599721441085e-12	9.77828501031835e-15
70	0.940750288798288	0.0584112804812756	0.00078941581285626	4.90149075797819e-05
71	1	5.97786675799849e-50	6.45511935651596e-72	3.85878434202294e-121
72	0.989982174064293	0.00499630513226392	0.00499630513226392	2.52156711794141e-05
73	0.989982174064293	0.00499630513226392	0.00499630513226392	2.52156711794141e-05
74	1	5.48487692410493e-80	5.66258441945703e-47	3.1058578613076e-126
75	1	1.35733450647457e-105	2.21913947328181e-119	3.0121145817652e-224
76	0.986378437929057	0.00678742834356985	0.00678742834356985	4.67053838036237e-05
77	0.981860626346944	0.0090281799007319	0.0090281799007319	8.30138515923931e-05
78	0.986378437929057	0.00678742834356985	0.00678742834356985	4.67053838036237e-05
79	1	2.25733078365908e-70	9.32753170406482e-95	2.10553244511415e-164
80	1	1.99406891163379e-68	8.12600872327401e-90	1.62038213707456e-157
81	1	7.78011082835043e-59	1.18081985139241e-64	9.1869093121492e-123
82	0.97053402674252	0.0202613982219232	0.00901634489686218	0.000188230138694555
83	0.944389417154663	0.0410677774209718	0.0139367509965004	0.000606054427865377
84	0.565485893089891	0.397111886688128	0.0219722384053797	0.0154299818166014
85	0.999973294431959	2.67055680406027e-05	2.38343068822191e-62	6.36525702924176e-67
86	0.998440741553994	7.96375607193245e-10	0.0015592576483865	1.24369399687338e-12
87	1	7.72968999691973e-78	1.4847622406205e-18	1.14767518391284e-95
88	0.116403827499744	5.93002801114531e-13	0.883596172495161	4.50135546741245e-12
89	0.0184640579285716	5.85361031077965e-26	0.981535942071428	3.11173683116504e-24
90	1	4.91847724063629e-26	3.55832336518937e-18	1.75015324865083e-43
91	1	2.34773355823726e-35	5.44042330903991e-27	1.27726643736492e-61
92	1	7.96583446603289e-40	7.56850834840195e-27	6.02894846581579e-66
93	0.85728927464778	1.66715803235717e-14	0.1427107253522	2.77527480058804e-15
94	0.946254339909654	0.0111328873958205	0.0421172540720691	0.000495518622456489
95	0.938823036921427	0.0193521105473663	0.0409801226590642	0.000844729872142256
96	0.935453538759431	0.0249155969455742	0.0386026902266417	0.00102817406835339
97	0.93607302772041	0.0280254202524313	0.0348579282298263	0.00104362379733235
98	0.940778381951728	0.0287917197139169	0.0295262719722582	0.00090362636209657
99	0.949849982168766	0.0272096209658389	0.0223015417725114	0.000638855092883541
100	0.937389560864029	0.0490053749327864	0.0129291470344459	0.000675917168738399
101	1	4.30796757245894e-45	1.48287428770459e-76	6.38817434546454e-121
102	1	3.09982632571188e-95	1.21967031574007e-90	3.78076615342037e-185
103	1	1.38178060174768e-49	6.15444265888423e-84	8.50408948061467e-133
104	0.959578159335988	0.0404218406640116	1.43839562479773e-33	6.05918321417599e-35
105	0.00115421004784184	0.0199228436368943	0.0536072412017563	0.925315705113507
106	0.995707354400576	0.00258880312582472	0.00169942403255005	4.41844104909292e-06
107	0.999999530195598	4.69804401762586e-07	4.22851454121532e-16	1.98657567768206e-22
108	0.999999999991767	2.51638307011992e-18	8.23310224090059e-12	2.07176390937392e-29
109	1	5.57043876875057e-66	3.52411063975644e-44	1.96308425330656e-109
110	0.989982174064293	0.00499630513226392	0.00499630513226392	2.52156711794141e-05
111	0.989982174064293	0.00499630513226392	0.00499630513226392	2.52156711794141e-05
112	1	2.70748949002435e-98	2.28119437795467e-75	6.1763098030149e-173
113	1	1.96344009691162e-32	1.15023030044153e-33	2.2584082925696e-65
114	1	2.84978711661337e-106	4.61755307180053e-55	1.31590432542956e-160
115	0.994441333098252	0.00275468513429042	0.00279623596146721	7.74580599040826e-06
116	0.999998336652862	1.07040780576769e-21	1.66334713762354e-06	1.78046272134116e-27
117	1	4.75607746970741e-53	4.08690210064413e-28	1.94376230017734e-80
118	0.999999999999962	2.38784409369582e-20	3.83263599972193e-14	9.15173723522233e-34
119	0.726513052815677	0.125301563623095	0.126387377389489	0.0217980061717391
120	0.855651369302316	0.111554102250547	0.0290121220327303	0.00378240641440623
121	0.564232653504967	0.382560570296121	0.0317080855296284	0.0214986906692844
122	0.342905238033505	0.657094761675015	9.99497683977113e-11	1.9152950133223e-10
123	0.999999999868359	1.31641020396254e-10	1.57126188398047e-36	2.06842517744159e-46
124	0.228815602299027	0.00675264106671852	0.742519069258402	0.0219126873758522
125	0.999881896547604	0.000118088264394425	1.51862083791378e-08	1.79352481169668e-12
126	0.999928126354607	2.27028296833634e-14	7.18736453701402e-05	1.63185241674269e-18
127	0.999980115473421	1.35066309730186e-06	1.85338384479205e-05	2.50334694216487e-11
128	0.999999999653588	3.46405140940258e-10	6.73044230816913e-15	2.33145981715925e-24
129	0.223241150005048	0.776758849994952	4.04651588733974e-35	1.40796937619487e-34
130	1	2.51563195715766e-30	1.0071486911466e-56	2.53361543305788e-86
131	0.998249285773265	0.00175071422632936	4.04554000656737e-13	7.09500577022276e-16
132	0.999999823816486	1.76183493638476e-07	2.06398513491969e-14	3.63640175955437e-21
133	1	1.14895615844731e-20	8.2305124707134e-32	9.45649799040355e-52
134	0.462352635911829	7.68853310295606e-06	0.537630735210873	8.94034419568809e-06
135	0.99996921335749	2.57492852538096e-05	5.0372275473144e-06	1.29709002308831e-10
136	0.916894954831798	0.0792066611205066	0.00358839761735687	0.000309986430338423
137	0.999927334922615	7.26645790053841e-05	4.98343636186793e-10	3.62145620574799e-14
138	0.967291409959435	0.00329561701323009	0.0293131016179456	9.98714093891264e-05
139	0.51042029613806	5.61274704342977e-09	0.489579692865616	5.38357701377825e-09
140	1	9.43855306635722e-45	9.76613502635011e-40	9.21781836994154e-84
141	0.96175786337569	0.0382351839269369	6.68685786229549e-06	2.65839511164235e-07
142	0.956603088943627	0.0305238410105293	0.0124750102508234	0.00039805979502048
143	0.208710166975409	0.000278093913299551	0.789959165397056	0.00105257371423597
144	0.0890423149063625	1.55945170092373e-10	0.910957683342277	1.59541506782653e-09
145	0.0372602598667842	1.09260297733891e-17	0.962739740133216	2.82309439127062e-16
146	0.330124372745539	1.43074518634133e-13	0.669875627254028	2.90321287449998e-13
147	0.884848119482083	4.01748846580154e-09	0.115151875977603	5.22825695585144e-10
148	1	3.43175070279139e-34	1.57240172277449e-21	5.39609071720176e-55
149	0.998018342323593	8.74487497345166e-22	0.00198165767640735	1.73637576439895e-24
150	0.999341444016762	0.000658535509617874	2.04601375277276e-08	1.34826061446201e-11
151	0.901667575037291	0.0983324249627093	2.16360893023074e-27	2.35954933581551e-28
152	0.999999965157218	3.48427817535105e-08	9.27373943256785e-38	3.23122890346386e-45
153	0.000440891305649974	0.00166328180906077	0.209090968296397	0.788804858588892
154	2.47435134582552e-06	4.83809411632687e-05	0.0486522717674194	0.951296872940072
155	2.35849408591821e-08	1.80503258279812e-05	0.00130489272015913	0.998677033369072
156	8.07446817684386e-10	2.03697392559521e-05	3.96371477571335e-05	0.99993999230554
157	8.9863073581855e-10	2.61558114210615e-05	3.4354749844895e-05	0.999939488540103
158	5.03349094304622e-08	7.29248877037732e-05	0.000689703085881847	0.999237321691505
159	0.99999999999999	1.00868004156661e-14	2.57500379017631e-34	2.59735493010924e-48
160	0.990188857493449	0.00061700177916067	0.00918841528568653	5.7254417034007e-06
161	1	8.08550585920773e-33	2.81031061350171e-41	2.27227829316618e-73
162	0.00289074221806272	2.4558062737403e-09	0.997108408240884	8.47085246569723e-07
163	0.00457152776607161	0.000222576860198412	0.949001271004575	0.0462046243691549
164	0.0198259582736156	0.980174041726384	1.61961428517384e-17	8.00719873424366e-16
165	0.999999975207082	2.47929183630192e-08	2.75316184386729e-51	6.82589185275189e-59
166	1	7.22605562585813e-49	1.73472560618377e-52	1.25352237258844e-100
167	0.00483603538212503	0.356588503445941	0.0085444489585511	0.630031012213383
168	0.539046431815195	0.455868944803787	0.00275485549331427	0.00232976788770331
169	0.991627310174295	3.066246459918e-16	0.00837268982570466	2.58894952515436e-18
170	1	3.77967908209195e-40	6.65236480831719e-48	2.51438041124411e-87
171	0.999999597878695	4.01569405886367e-07	5.51898798312943e-10	2.21625761668369e-16
172	0.999987925443515	1.20745455466877e-05	1.09383028343692e-11	1.3207663054379e-16
173	0.9999997329621	2.67037899620972e-07	2.43074741453691e-55	6.4910185742184e-62
174	1	1.98891539969917e-49	1.20094054416275e-86	2.38856914240839e-135
175	0.999997629678631	2.37032131752147e-06	5.17405612295335e-14	1.2264204596395e-19
176	0.999999999046294	9.53706074228352e-10	1.02262089754233e-33	9.75279762549099e-43
177	1	8.56922074680953e-25	5.6142359813725e-30	4.81096274490618e-54
178	0.999034677032613	0.000965322967375405	1.18749613439571e-14	1.14742492783788e-17
179	1	4.65233762693521e-17	5.0329544597066e-25	2.34150034075444e-41
180	0.999999999987538	1.24573039414599e-11	5.013692111685e-15	6.24570865049382e-26
181	0.999996982096631	1.7208399500648e-09	3.0161825239336e-06	5.19038304794668e-15
182	1	8.37505796711027e-43	8.75197109310762e-76	7.32982652312497e-118
183	0.989982174003715	0.00499630519284026	0.00499630513196006	2.52156714851441e-05
184	0.989982173928523	0.00499630526802931	0.0049963051315829	2.52156718646247e-05
185	1	7.431673630721e-18	7.00844885719453e-27	5.20845045642692e-44
186	1	1.01091048451299e-86	4.51799365907491e-71	4.56728715892202e-157
187	1	3.11510822581606e-33	5.67782022794217e-25	1.76870244967675e-57
188	1	8.56305004035612e-40	1.6160666431198e-25	1.38384595335852e-64
189	0.999998536467843	1.46349526438767e-06	3.6892646953175e-11	5.39922931261551e-17
190	0.999999903870449	1.1380604899853e-27	9.61295510261203e-08	1.09401254459547e-34
191	0.00238185703629609	3.25059048969118e-38	0.997618142963704	1.36147887906152e-35
192	0.00111055682266685	1.14279206189653e-06	0.99786147478843	0.00102682559684087
193	5.99785382377073e-09	9.79221609828268e-06	0.000612131464451874	0.999378070321596
194	5.81526495742209e-15	4.7160145117552e-09	1.23308733354667e-06	0.999998762196646
195	1.69612457074835e-12	1.65162340773415e-06	1.02694114143927e-06	0.999997321433755
196	1.3443598130696e-05	0.0515870973957978	0.000247088517846108	0.948152370488225
197	9.97678073300909e-07	0.323913649963512	2.08238663067274e-06	0.676083269971783
198	0.000134005582526952	0.999862906251066	4.13832816333199e-10	3.08775257447019e-06
199	0.99339815554709	5.53074758376409e-31	0.00660184445291031	3.67557912730483e-33
200	0.0109409036388729	0.684685313274364	0.00478723220888446	0.299586550877879
201	1	1.23395298493926e-74	1.48849045940425e-91	1.83672724543549e-165
202	0.997130434917093	0.00286956508290742	4.23530212801377e-20	1.21884506545248e-22
203	1	4.70996927115413e-35	2.81329520772598e-125	1.32505339790746e-159
204	1	6.26951679013487e-26	2.13356218251352e-49	1.33764039260653e-74
205	1	1.23615350964749e-25	1.38614775264024e-50	1.71349140931621e-75
206	1	7.23832639313641e-73	1.9035866131857e-92	1.37787812238432e-164
207	1	5.04686373467915e-71	5.04686373467915e-71	2.54708335564195e-141
208	0.994482769146241	0.00275479991453252	0.00275479991453252	7.63102469399591e-06
209	1	1.32300504686375e-133	2.01673658935082e-84	2.66815268590593e-217
210	1	1.77485390412039e-101	1.90358661318563e-128	3.37858813224382e-229
211	1	2.35652608671015e-83	1.30813475979776e-117	3.08265368639573e-200
212	1	7.26160664819953e-134	2.85718138462357e-111	2.07477273376944e-244
213	1	4.27459070042587e-43	1.84753300090955e-33	7.89744738441788e-76
214	0.988511932878255	0.00498904294752369	0.00646638816126175	3.26360129593568e-05
215	0.986669073458265	0.00497993764502844	0.00830905127208918	4.19376246174585e-05
216	0.998844323319532	1.05687204167626e-11	0.00115567666988703	1.2228155410264e-14
217	0.97300764485203	0.0127666284227259	0.0140414912749302	0.000184235450313695
218	0.957641579975605	0.0228701033279992	0.0190337583019118	0.000454558394484055
219	0.94771504653951	0.0308195834886682	0.0207893042081173	0.000676065763704935
220	0.942718074037202	0.0370724662969035	0.0194447916256347	0.000764668040259943
221	0.805907847773458	0.169166058118607	0.020601653612653	0.00432444049528245
222	1	3.45087660035009e-56	2.54623822027876e-66	8.78675389327704e-122
223	1	8.53694647406579e-37	2.24172337762274e-56	1.91374724844273e-92
224	1	3.12293635640034e-42	3.72931467838734e-52	1.16464123935933e-93
225	1	1.78672271462388e-26	1.26422171366164e-50	2.25881365211998e-76
226	1	2.49021531000914e-36	3.91547716221435e-43	9.7503811753373e-79
227	0.458954138043991	0.148791526670148	0.296220542239193	0.0960337930466682
228	0.902801352897026	0.0965738166002097	0.000564450509122738	6.03799936420032e-05
229	0.999737588036837	1.35681968739939e-09	0.00026241060598732	3.56137331082206e-13
230	0.861836606294034	0.138163393633812	6.2184536057124e-11	9.96897378279289e-12
231	0.999973834038215	2.61659617849079e-05	6.90062339030217e-18	1.8056617261026e-22
232	0.996925491283355	0.00307450871502117	1.6184801158084e-12	4.99137725401692e-15
233	3.20677484619951e-07	0.0115459889757772	2.74524807148365e-05	0.988426237866023
234	0.999999999904803	9.51967610704979e-11	4.30454144949673e-19	4.09778403924805e-29
235	0.0496609120070459	0.950339087992954	7.77366320544964e-21	1.48761182637629e-19
236	0.297158217377341	0.668372925568574	0.010608362238814	0.0238604948152713
237	0.000123751401842872	0.406651897269241	0.00018047379513527	0.593043877533781
238	0.00712059319072537	0.992879406809275	2.25213623015407e-34	3.14032781308387e-32
239	0.300636046031242	0.699362533121449	4.27158523870256e-07	9.93688784967841e-07
240	0.988916588639263	0.0110789693292862	4.39281810184793e-06	4.9213348808794e-08
241	0.256804719449566	8.08550688099273e-05	0.742880529249348	0.000233896232276244
242	0.999955386125325	2.95369853730728e-07	4.43184917306057e-05	1.30909304571663e-11
243	0.999988408164035	1.15445858296176e-05	4.72495898464727e-08	5.45483268549402e-13
244	1	6.17211903290805e-65	5.39259743579868e-42	3.32837532703041e-106
245	1	2.862697885071e-78	1.29076229511091e-99	3.69506249234338e-177
246	0.989982174064293	0.00499630513226392	0.00499630513226392	2.52156711794141e-05
247	0.989982174064293	0.00499630513226392	0.00499630513226392	2.52156711794141e-05
248	1	1.25936651752657e-67	2.99126419729878e-61	3.76709797515408e-128
249	0.882893061898008	0.0348984392917008	0.0790825728224457	0.00312592598784569
250	0.292853930292781	0.707145734489578	9.81698366281066e-08	2.37047804540992e-07
251	1	7.71693396922893e-26	1.92421863937688e-20	1.48490681824309e-45
252	0.994482768264033	0.00275479991213241	0.00275480079669666	7.63102713778486e-06
253	0.999999999999999	5.04686373471485e-37	7.45875067429585e-16	3.76432982843837e-52
254	0.999999999999927	2.77008310249287e-37	7.26161087485473e-14	2.0115265581315e-50
255	1	5.06798208318982e-109	2.86446996400565e-71	1.4517082455416e-179
256	0.999999999995994	1.0748886615245e-27	4.00636253978562e-12	4.3063936679893e-39
257	1	1.4439935200743e-64	8.30725289831939e-44	1.19956193547916e-107
258	0.999997263168722	2.73683127788215e-06	2.41771182302604e-28	6.61688744746768e-34
259	1	9.6223499589253e-27	1.63780091968969e-38	1.57594936123039e-64
260	0.994482769146238	0.00275479991453572	0.00275479991453251	7.63102469400476e-06
261	1	7.05355432538469e-46	1.23131524507586e-48	8.68514897281694e-94
262	0.989257644111131	0.00572083508428896	0.00499264852945449	2.88722751255469e-05
263	0.988353987830022	0.00662449136398734	0.0049880879007483	3.34329052426505e-05
264	0.998923474689196	0.00107652531080369	5.49036378892804e-23	5.91688526104572e-26
265	0.061313052969638	7.02151479247771e-10	0.938686935578454	1.07497570002484e-08
266	0.418183629668898	0.14625938740234	0.322694753128279	0.112862229800483
267	0.999999999356634	4.94155949330289e-10	1.49209915180905e-10	7.37329673331492e-20
268	0.998935360468933	0.00106463953106689	2.75735793694329e-21	2.93872093945379e-24
269	1	3.56346583794469e-101	1.51127971548057e-58	5.38539363769378e-159
270	1	6.03101073905967e-28	1.75036331267332e-80	1.05564599359888e-107
271	1	5.29421684651598e-30	1.12419824704539e-70	5.95174929833144e-100
272	0.999999999980764	1.92358610658301e-11	5.32376749862819e-35	1.02407251952363e-45
273	0.999999975071426	2.49285744367734e-08	6.72893496736411e-23	1.67742760395732e-30
274	0.999038888190184	0.000961111809815792	2.76742074497574e-19	2.66235958596545e-22
275	1	2.59876476491167e-29	1.52825802800834e-21	3.97158311488146e-50
276	1	5.76639176317273e-79	5.59300525118062e-62	3.22514594117898e-140
277	1	4.02934928923806e-78	1.36463922210411e-87	5.49860807965157e-165
278	0.99448260844838	0.00275479946938609	0.00275496061239343	7.63146984042501e-06
279	0.999999999974994	3.46817834996382e-60	2.50055895500044e-11	8.67238443075752e-71
280	1	7.26160886085868e-116	2.75296785081458e-54	1.99909757391342e-169
281	0.999999999883768	5.45514468861523e-17	1.16231705251016e-10	6.3406076962247e-27
282	0.861996654531263	0.138003345437733	2.67249475630625e-11	4.27859220910335e-12
283	1	1.03033394166213e-39	1.13511334106919e-25	1.1695458029371e-64
284	0.999999999968871	9.00437735664358e-32	3.11286118789382e-11	2.80293767955182e-42
285	0.999996665766202	3.26377642850883e-06	7.04571397624217e-08	2.29957118707542e-13
286	0.000368970083311121	0.999630926931252	3.79985492216117e-11	1.02947438555373e-07
287	0.839539561662528	0.157647709560983	0.00236805778837488	0.000444670988114092
288	0.9999995579277	2.98083176973417e-11	4.42042491567569e-07	1.31765488493578e-17
289	0.985832919802495	3.47410398230282e-46	0.0141670801975047	4.99252041021464e-48
290	0.990701398933269	0.00274432520480133	0.006536170127504	1.81057344252191e-05
291	1	5.93152200296818e-31	5.9094580825267e-24	3.50520806421253e-54
292	0.9943772448102	0.00275495815893338	0.00285987364738266	7.92338348398076e-06
293	0.99998929582319	1.95523748657399e-10	1.0703981284e-05	2.09290494903094e-15
294	1	2.19781749060887e-74	5.58970204530336e-89	1.22851449224599e-162
295	1	1.10874782114354e-64	1.96667769871825e-73	2.18054961334545e-137
296	0.999999999413918	3.83103824050434e-13	5.85698705124432e-10	2.24383413806064e-22
297	1	3.6321819462861e-72	1.7399458134079e-32	6.31979977097623e-104
298	1	1.20685675213355e-92	2.75020617134151e-67	3.31910488764284e-159
299	1	2.81329519857112e-57	1.90358661318566e-60	5.35535107893949e-117
300	1	5.75789390798343e-77	1.06828500323897e-47	6.15107171213971e-124
301	1	9.21679411970489e-98	1.52096501324608e-93	1.40184213903634e-190
302	0.989204513371953	0.00555080037477036	0.00521542055746425	2.92656958127648e-05
303	0.988236642573398	0.00624126214997966	0.00548743905743928	3.46562191828179e-05
304	0.999266193528501	0.00063343085101109	0.000100312033091041	6.35873973311781e-08
305	1	1.65953850973172e-23	1.34417855481803e-27	2.23071607567604e-50
306	0.994482769146073	0.00275479991469922	0.00275479991453338	7.63102469446132e-06
307	1	2.52586782352987e-72	1.64435553623639e-67	4.1534247394227e-139
308	1	7.60921140313524e-61	1.69105420612111e-55	1.28675889485365e-115
309	6.14467609208053e-05	0.0147798761835475	0.00407880146026005	0.981079875595272
310	0.0564855637856531	0.426559250447053	0.0604509235160018	0.456504262251292
311	0.312838427003558	0.618679560694619	0.0229988097808822	0.0454832025209407
312	0.621952228795465	0.334813391851158	0.0281048127348558	0.0151295666185211
313	0.867817197082899	0.132182802817958	8.60380043219904e-11	1.31050002216745e-11
314	0.248100709484058	0.751899290515942	5.79150741261872e-21	1.75518656259451e-20
315	0.861017332743465	0.133961141714829	0.00434544127256263	0.000676084269142894
316	0.942511255327216	0.0524672132635458	0.00475673597127162	0.000264795437966884
317	0.999999999999955	1.35208218785215e-24	4.48686094553328e-14	6.06660476382528e-38
318	1	2.07680110074427e-20	1.2961875474771e-23	2.69192372537145e-43
319	1	2.52290158203089e-23	5.02546882606495e-34	1.26787632517262e-56
320	1	1.28478742505942e-45	1.38132075411174e-81	1.77470353485635e-126
321	0.999993126565984	1.35800902201535e-20	6.87343401632011e-06	9.33424956473835e-26
322	0.935169816256203	0.0619576682211891	0.00269402845201687	0.000178487070590798
323	0.111620373170414	0.888379014159253	6.83865331164887e-08	5.44283800046445e-07
324	1	5.69412920486813e-26	1.01902629430107e-50	5.80246738290828e-76
325	0.999536711305712	0.000463288694287536	1.29151685871386e-21	5.98622494157572e-25
326	0.999979068754018	2.09263473020878e-05	4.89857762219087e-09	1.02511482301254e-13
327	0.999099112695542	0.000900856193694686	3.10827371226119e-08	2.80263248141043e-11
328	0.999896807883601	2.69036490228354e-07	0.000102923052216075	2.7692914422251e-11
329	1	1.17112759616542e-24	6.2185961528743e-29	7.2827695640392e-53
330	0.999999999999939	6.11110332087724e-14	4.60654808986782e-19	2.81510913297736e-32
331	0.981318975421212	0.00929648678483657	0.00929646806870291	8.80697252483635e-05
332	0.970305578378876	0.0147353301205234	0.0147353168840719	0.000223774616528629
333	0.966670026237166	0.0165237668592841	0.0165237581669802	0.000282448736569581
334	0.970305586500343	0.0147353220216313	0.0147353169848322	0.00022377449319389
335	0.981318991896367	0.0092964703552182	0.00929646817924262	8.80695691719428e-05
336	1	1.25818928522545e-46	1.0680913036969e-110	1.34386103395393e-156
337	1	1.66144346085836e-85	5.87518043570113e-90	9.76128011625864e-175
338	1	2.77008310249317e-121	1.77485390412045e-83	4.91649280919809e-204
339	1	6.82429917535246e-50	6.2738579391583e-64	4.28146835604764e-113
340	1	1.04062177051843e-32	8.25277093822847e-58	8.58801310542231e-90
341	1	7.12731554102281e-53	1.73472074122191e-65	1.23639020982455e-117
342	1	8.87147059999231e-28	3.26850232734269e-57	2.89964223030271e-84
343	1	7.48992956891072e-38	3.50310763233531e-31	2.6238029438505e-68
344	1	2.16833595248215e-69	1.21445372259579e-54	2.63334366933023e-123
345	1	3.52851958354273e-38	6.67710614270508e-50	2.35602997859283e-87
346	1	3.0743089353207e-22	1.2196703157402e-54	3.74964334982551e-76
347	0.99999999982165	1.78349506071109e-10	6.89242321819606e-29	1.22926027681754e-38
348	0.999999983917726	1.60822738559351e-08	4.61219689836578e-26	7.41746147899096e-34
349	0.986370655962954	0.00679521030965883	0.00678737479462538	4.67589327613666e-05
350	0.981856018508332	0.00903278773933535	0.00902813753179776	8.30562205344001e-05
351	0.986376404589645	0.00678946168297764	0.00678741435183848	4.67193755384603e-05
352	1	1.79580096072699e-43	1.85824538088222e-35	3.33703884025478e-78
353	1	1.12419824704536e-88	1.74198955173583e-54	1.95834160043276e-142
354	1	7.26290979033427e-116	6.24055389056521e-87	4.53245799488947e-202
355	0.99999999994878	5.12201481762281e-11	1.22023988943614e-39	6.25008679506645e-50
356	0.99041064108771	0.00958836726479999	9.82139199794859e-07	9.50828975590126e-09
357	0.999839203350568	2.76956678645465e-24	0.000160796649431876	4.45408679863065e-28
358	0.97907200878633	6.09073670742222e-06	0.0209217703241311	1.30152831818167e-07
359	0.999999997501712	4.64111167600793e-21	2.49828771987423e-09	1.15948323357028e-29
360	0.929602930491815	0.0574755017737336	0.0121691720129315	0.000752395721519589
361	0.983075748168282	0.0104603646052429	0.00639583271261568	6.80545138589338e-05
362	0.999994221582111	2.67646401828572e-06	3.10194556882489e-06	8.30229367576296e-12
363	1	7.8777955507915e-70	5.30668969257661e-91	4.18050164496111e-160
364	1	2.77008310249306e-71	1.07318695013852e-62	2.97281703639479e-133
365	1	4.38080300569814e-97	5.60432394301388e-64	2.45514391744612e-160
366	1	1.10693060919258e-102	1.26419164165138e-84	1.39937242402934e-186
367	1	2.85031541964075e-47	1.09459284791129e-43	3.11993487263003e-90
368	1	3.59789120913035e-35	6.87614767437901e-39	2.47396312703304e-73
369	1	3.047726903152e-27	2.5620407367764e-37	7.80840048044483e-64
370	1	4.09388332420157e-82	1.1468684216248e-47	4.69514550634314e-129
371	1	2.77008310249305e-139	2.24475726471162e-78	6.21816416817619e-217
372	1	2.77008310249305e-139	2.16341438483099e-70	5.99283763111073e-209
373	1	2.77008310249305e-139	9.12966488854482e-75	2.52899304391821e-213
374	1	3.46817835132574e-128	1.55729549409406e-84	5.40097851923415e-212
375	0.992736438763537	0.00274996243651412	0.00450113029496677	1.24685049824818e-05
376	0.998999379602397	1.64753216478866e-21	0.00100062039760327	1.65020551909765e-24
377	0.98377560567654	0.00676951784046744	0.00939026059269977	6.46158902925877e-05
378	0.980321290096347	0.00901402575068771	0.0105675161493187	9.71680036464419e-05
379	0.985695899492178	0.00678273168792362	0.00746996677956379	5.14020403347393e-05
380	0.999999999822102	3.71583736577908e-99	1.77898206202829e-10	6.61040802031143e-109
381	0.000216281505994813	0.0375514615109066	0.0055103383213543	0.956721918661744
382	0.00459055928472031	0.057225932532721	0.0696705181358055	0.868512990046753
383	0.634689570862726	0.234579574015392	0.0954520367192581	0.0352788184026235
384	0.794179487422373	0.20582051257691	5.68846936553505e-13	1.47423057272921e-13
385	1	6.82804049571813e-56	1.692489993993e-35	1.1556390217582e-90
386	1	9.12966488854534e-75	4.38774947702122e-62	4.00586823400938e-136
387	1	7.37488457483705e-66	2.59960068430061e-65	1.91717549873844e-130
388	1	6.61396784591867e-21	8.85181920215927e-22	5.85456475809669e-42
389	0.999939580304545	5.52562739779911e-09	6.04141694941896e-05	3.33846361067838e-13
390	0.178665611978398	0.4461683111006	0.107275348297872	0.26789072862313
391	1	9.06313290196227e-27	1.63957709906117e-24	1.48597051518052e-50
392	0.999999999999886	9.76868505651629e-16	1.13083593499582e-13	1.10467800995666e-28
393	0.999999972648394	1.82277258918185e-11	2.73333782461119e-08	4.98225339994787e-19
394	0.999952861405753	4.71352715182376e-05	3.32257175580651e-09	1.56617704587196e-13
395	1	1.13311243231939e-35	8.82636705667535e-55	1.00012662441331e-89
396	0.999999800603853	1.99396147339717e-07	1.53992981236679e-28	3.07056132985322e-35
397	0.983504509250062	0.00822907601210046	0.00819782277298305	6.85919648543812e-05
398	0.975369402402038	0.0122489167489324	0.0122281172961973	0.00015356355283284
399	0.975377914915985	0.0122404042349855	0.0122282240168085	0.000153456832221373
400	0.983530242097714	0.00820334316444968	0.00819803726444882	6.83774733878885e-05
401	1	1.05662609321752e-28	5.32028792458725e-60	5.62155504454896e-88
402	1	5.58415067415739e-97	3.14818227318904e-81	1.75799241631989e-177
403	1	5.02497222073083e-42	7.53883664335099e-43	3.78824447094664e-84
404	0.999999999999819	8.03047541983288e-20	1.81222709347712e-13	1.45530451293258e-32
405	0.439808410612152	0.00310917660698357	0.553171826125556	0.00391058665530768
406	0.999999902791346	9.72086535964399e-08	3.34551606217204e-33	3.25213143602539e-40
407	1	1.51533577732781e-25	1.22099862872264e-17	1.85022290617161e-42
408	0.994457962304118	0.00275684368905056	0.0027774942169022	7.6997899292797e-06
409	0.999999723699996	2.35887510587093e-09	2.73941128633291e-07	6.4619308735041e-16
410	0.994457962416724	0.00275684368935013	0.00277749410430886	7.69978961711244e-06
411	1	1.36723505569323e-34	7.01720021840173e-86	9.59416213141703e-120
412	1	2.17407984767935e-76	3.01299651862857e-23	6.55049501227839e-99
413	1	1.01696112258341e-49	3.63635219399375e-23	3.69802880931254e-72
414	0.989982174063992	0.0049963051322624	0.00499630513256423	2.52156711809298e-05
415	0.989982174064159	0.00499630513226324	0.00499630513239791	2.52156711800904e-05
416	1	6.98850362047906e-107	3.40954977001969e-73	2.38276509119861e-179
417	1	8.60575779461755e-47	2.63535944317399e-48	2.26792650697135e-94
418	0.972671301351924	0.00218197273026419	0.0250904410679098	5.62848499019011e-05
419	1	1.14445314605187e-17	1.19589793059553e-23	1.36864914902698e-40
420	0.981126003144988	0.00929464024434662	0.00948945877375826	8.98978369066909e-05
421	0.969861060886101	0.0147285665270708	0.0151798474101119	0.000230525176715878
422	0.965903609037593	0.016510657560532	0.0172901839254264	0.000295549476449072
423	0.969134918930623	0.0147175389950601	0.0159059895140334	0.000241552560283468
424	0.979651828005339	0.00928067443279756	0.0109636342128441	0.000103863349019477
425	0.999835363743635	1.47123117632745e-30	0.000164636256365012	2.42257877548079e-34
426	0.984862992517854	0.00677700032046892	0.00830287375477236	5.71334069047022e-05
427	0.980964945177579	0.00901994413843157	0.00992386107009673	9.12496138928024e-05
428	0.985983770269605	0.00678471257206167	0.0071820960030216	4.94211553118469e-05
429	1	9.56620396911205e-36	2.38443843272746e-22	2.28100243992607e-57
430	0.955405882146959	0.0387825546945281	0.00558485838333793	0.000226704775174998
431	0.39076541932718	0.600569997523214	0.00341541259416338	0.00524917055544271
432	0.996796839413344	0.00318532570037647	1.77780753444541e-05	5.68109348453065e-08
433	0.978016481908871	0.0166034283646919	0.00529027860015036	8.98111262863596e-05
434	0.984739451471487	0.0100791338676377	0.00512891848442652	5.24961764489976e-05
435	1	6.05420049539311e-94	3.33351611942686e-36	2.0181774941635e-129
436	1	2.58275235554972e-94	2.76376447156879e-55	7.13811919912893e-149
437	1	2.58275235554972e-94	5.18542363492782e-61	1.3392665107633e-154
438	1	1.68421388876655e-56	4.03038831869041e-43	6.78803598346087e-99
439	0.999999897791907	9.70024128749782e-08	5.20568001312555e-09	5.0496357353959e-16
440	0.915434150628037	0.0818009380589653	0.00253811189366458	0.000226799419333374
441	0.0456170765668231	0.954382923409956	1.05925062624042e-12	2.21612340241548e-11
442	0.999999999999994	6.03381300468355e-15	4.74903558969447e-52	2.86547927008037e-66
443	1	1.96527782375151e-77	6.4367723805161e-77	1.26500460159645e-153
444	1	1.80254085595242e-87	5.22733200771338e-81	9.42247951153116e-168
445	1	1.21967031574006e-72	1.02668018037636e-72	1.2522113397637e-144
446	1	7.72543152899759e-78	8.5259490693796e-48	6.58666357552129e-125
447	0.999999997511776	4.62736828981441e-24	2.4882242548701e-09	1.15139300435822e-32
448	0.97755271766265	0.0115301905231768	0.0107898262962531	0.000127265517920349
449	0.961589761592444	0.0198899307271991	0.0181449890266029	0.000375318653754431
450	0.951540725841682	0.0254651114583676	0.0223948326921954	0.000599330007755374
451	0.946988618295613	0.0285421156967935	0.0237533432825903	0.000715922725003342
452	0.947723874542575	0.0292832189869538	0.022303754549487	0.000689151920984507
453	0.953767992279696	0.0277142518688464	0.0179948673807057	0.000522888470752033
454	0.965367416769927	0.023719407918809	0.0106514651656668	0.000261710145596977
455	0.974636361735179	0.0253636382648211	1.26610215604647e-16	3.2948654855336e-18
456	1	1.55564811653926e-66	4.58276630131918e-33	7.12917176518678e-99
457	1	1.46385159432581e-91	9.29142092833728e-48	1.36012613394987e-138
458	1	2.85718138462359e-111	1.93328173949714e-78	5.52373659732392e-189
459	1	7.37488456534256e-120	1.20093623092237e-86	8.85676607339004e-206
460	1	4.9901380912695e-123	1.56169255226063e-87	7.79306149188765e-210
461	1	7.37488456534256e-120	5.06798208318759e-91	3.73757828427328e-210
462	1	6.87614767437887e-93	5.93828530870558e-50	4.08325267152541e-142
463	1	1.58605427936968e-91	1.09165645893481e-45	1.73142639829511e-136
464	1	7.72543152844843e-60	9.2545121972153e-24	7.14951003087776e-83
465	0.999999999999975	1.83065971223781e-37	2.53069509631597e-14	4.63284155678354e-51
466	0.999999999611754	5.40455295610544e-27	3.88246422105688e-10	2.09829834910331e-36
467	0.970151056155432	1.61429255568158e-08	0.029848927204968	4.96674210436991e-10
468	0.999861539352248	9.35451385159184e-26	0.000138460647751847	1.29541141079807e-29
469	1	4.85351706524359e-66	4.55930444083883e-54	2.21286619092521e-119
470	0.991200357166023	0.0027457073605707	0.0060372118947509	1.67235786558197e-05
471	0.995663256946631	1.24825689689398e-36	0.00433674305336923	5.43694807321323e-39
472	0.985584101875127	0.00497412871285405	0.00939435718032785	4.74122316914117e-05
473	0.987987028193373	0.00498628095275757	0.00699140586237686	3.52849914925646e-05
474	0.999998952240887	8.13343493597297e-13	1.04775830016226e-06	8.52188289187585e-19
475	1	5.7197483338258e-21	1.49849026845398e-23	8.57098721624386e-44
476	0.979555921353978	0.0101436788516157	0.01019482841948	0.000105571374926291
477	0.966236434740249	0.0166772358447619	0.0167964232371597	0.000289906177828883
478	0.95963628574651	0.0198702670249086	0.0200777172188733	0.000415730009708076
479	0.959526355635859	0.0198681383264378	0.0201874997626351	0.000418006275068047
480	0.965902636700333	0.0166719207818695	0.0171297747793715	0.000295667738426053
481	0.978987030687184	0.0101385428516441	0.0107629635270281	0.000111462934144144
482	0.999939132589118	8.21447092702495e-11	6.08673287327401e-05	5.00023337406692e-15
483	0.999864250754658	0.000135749245341888	3.50610346252641e-21	4.76015517875861e-25
484	0.991690961208479	0.00830903732619337	1.45315176829528e-09	1.21754586415465e-11
485	0.990509568412562	4.53474145747976e-15	0.00949043158743299	4.34490033628654e-17
486	0.985192753574339	0.00497213890898215	0.00978572026701045	4.93872496681396e-05
487	0.98786191662513	0.00498560686865619	0.00711656017953365	3.59163266800496e-05
488	1	3.84409573592688e-21	6.85771869661408e-27	2.63617271998402e-47
489	0.999999999992167	2.8923224976956e-29	7.83321034899626e-12	2.26561705217614e-40
490	0.979606458062894	0.0101441346354202	0.0101443592538554	0.000105048047830013
491	0.966353747230525	0.0166791033099631	0.0166792680946572	0.000287881364854889
492	0.959839951439069	0.019874210337169	0.0198743253239239	0.000411512899837931
493	0.959839990892344	0.0198742111541129	0.0198742858706153	0.000411512082928114
494	0.966353867009879	0.0166791053774375	0.0166791483152004	0.000287879297483365
495	0.979606662137466	0.010144136748851	0.0101441551791099	0.000105045934573296
496	1	6.52230610090619e-25	2.02343434914555e-27	1.31974582002151e-51
497	0.78437370376007	0.180132889861468	0.0288645975094908	0.00662880886897139
498	0.992019338914788	0.00180155948573935	0.00616790036681767	1.12012326544877e-05
499	0.999999998401578	1.25674059619322e-09	3.41680944742869e-10	4.29404314890386e-19
500	0.256446347708601	0.743553652291295	2.66605027208579e-14	7.73008247032679e-14
501	0.873619747165777	0.125537027590867	0.000737279916942228	0.000105945326414199
502	0.98042885870116	8.40854027838281e-06	0.0195625649823749	1.67776187066438e-07
503	1	4.49029085059538e-26	5.74506662451692e-25	2.57970201001292e-50
504	1	6.53065016920338e-23	1.40076925722423e-35	9.14793398670628e-58
505	0.9999995527403	4.47259699623122e-07	9.47634071353963e-40	4.23838719672388e-46
506	0.99686925476995	0.00313074395642134	1.2696407133633e-09	3.98740353478546e-12
507	0.999942506886487	5.74931135129022e-05	3.77517809584649e-24	2.17059222206425e-28
508	1	4.15273549090157e-20	1.49590822354801e-38	6.21211117105933e-58
509	0.999999999999952	4.77493584321659e-14	7.32725145179197e-25	3.49871555894239e-38
510	0.999946252114301	5.37478856991642e-05	1.14199607152547e-19	6.13831735370408e-24
511	0.999999999999805	1.94814026014221e-13	1.28994503682794e-35	2.51299385961561e-48
