UU	UM	MU	MM
1	0.640000000032363	0.159999999987864	0.159999999987864	0.0399999999919092
2	0.712397946338273	0.131638750931622	0.131638750931622	0.0243245517984823
3	0.761378744171726	0.111191450237713	0.111191450237713	0.0162383553528482
4	0.795446206369829	0.0964317036435479	0.0964317036435479	0.0116903863430755
5	0.819620876429179	0.0857082772100811	0.0857082772100812	0.00896256915065884
6	0.837026751063645	0.0778649097703825	0.0778649097703825	0.00724342939559025
7	0.849692659086206	0.0720950925606716	0.0720950925606717	0.00611715579245046
8	0.858981363492575	0.0678311113331447	0.0678311113331447	0.00535641384113597
9	0.865832534391725	0.0646686931151089	0.064668693115109	0.00483007937805682
10	0.870907328197157	0.0623168293326172	0.0623168293326173	0.00445901313760839
11	0.874678196411866	0.060564123210095	0.0605641232100951	0.0041935571679443
12	0.877486756264928	0.0592558744853373	0.0592558744853373	0.00400149476439726
13	0.879582249456772	0.0582782142886468	0.0582782142886469	0.00386132196593442
14	0.881147762174366	0.0575469497391327	0.0575469497391328	0.00375833834736897
15	0.882318477842248	0.0569996140958599	0.05699961409586	0.0036822939660319
16	0.8831945984131	0.0565897377050861	0.0565897377050862	0.00362592617672757
17	0.883850613961616	0.0562826818861672	0.0562826818861674	0.00358402226604899
18	0.884342022329285	0.0560525875708807	0.0560525875708809	0.00355280252895341
19	0.884710239911705	0.0558801278423478	0.0558801278423482	0.00352950440359862
20	0.884986212996047	0.0557508453768261	0.0557508453768266	0.00351209625030021
21	0.885193086230165	0.0556539184577195	0.0556539184577201	0.00349907685439509
22	0.885348181593524	0.055581242748984	0.0555812427489849	0.00348933290850748
23	0.885464470095435	0.0555267467049311	0.0555267467049323	0.00348203649470129
24	0.885551668527262	0.0554858804192507	0.0554858804192522	0.00347657063423476
25	0.885617058090401	0.0554552335484502	0.0554552335484523	0.00347247481269648
26	0.885666096161791	0.0554322494757882	0.055432249475791	0.00346940488662994
27	0.885702873885033	0.0554150113371262	0.0554150113371299	0.00346710344071056
28	0.885730458678613	0.0554020817632782	0.0554020817632831	0.00346537779482523
29	0.885751150742254	0.0553923828073572	0.0553923828073638	0.0034640836430254
30	0.885766675239652	0.055385105951694	0.0553851059517029	0.00346311285695064
31	0.885778326342989	0.0553796446390232	0.055379644639035	0.00346238437895306
32	0.88578707523856	0.0553755436741044	0.0553755436741201	0.00346183741321542
33	0.885793651147814	0.0553724612615704	0.0553724612615913	0.00346142632902392
34	0.88579860214577	0.0553701405065474	0.0553701405065753	0.00346111684110766
35	0.885802340862037	0.0553683879975054	0.0553683879975427	0.00346088314291534
36	0.885805178882426	0.0553670576834319	0.0553670576834816	0.00346070575066046
37	0.885807352723323	0.0553660386999901	0.0553660387000564	0.00346056987663088
38	0.885809043546381	0.0553652461291807	0.0553652461292691	0.00346046419516957
39	0.885810392258135	0.0553646139219187	0.0553646139220365	0.00346037989790979
40	0.885811511253782	0.0553640893934268	0.0553640893935838	0.00346030995920743
41	0.885812493784314	0.0553636288325515	0.0553636288327609	0.00346024855037374
42	0.885813421727896	0.0553631938590157	0.0553631938592949	0.00346019055379355
43	0.885814372413257	0.0553627482249926	0.0553627482253649	0.0034601311363851
44	0.885815425063786	0.0553622547944427	0.0553622547949391	0.00346006534683179
45	0.885816667399345	0.0553616724484874	0.0553616724491492	0.00345998770301815
46	0.885818202945913	0.0553609526589496	0.0553609526598321	0.00345989173530502
47	0.885820159662077	0.0553600354445612	0.0553600354457377	0.00345976944762393
48	0.885822700601012	0.0553588443729297	0.0553588443744984	0.00345961065156021
49	0.885826037496031	0.0553572801919006	0.0553572801939922	0.0034594021180757
50	0.885830448401087	0.0553552125598429	0.0553552125626316	0.00345912647643869
51	0.885836300854906	0.0553524691861554	0.0553524691898737	0.00345876076906443
52	0.885844082496739	0.0553488214778249	0.0553488214827825	0.00345827454265328
53	0.885854441680763	0.0553439654973099	0.0553439655039198	0.003457627318007
54	0.885868241466142	0.0553374966473945	0.0553374966562073	0.00345676523025587
55	0.885886631468482	0.0553288759778325	0.0553288759895824	0.00345561656410365
56	0.885911143536446	0.0553173853138547	0.0553173853295202	0.00345408582017927
57	0.885943819184193	0.0553020674812067	0.0553020675020923	0.00345204583250793
58	0.88598737932364	0.055281646671283	0.0552816466991271	0.00344932730594969
59	0.886045450307026	0.0552544223542238	0.0552544223913435	0.00344570494740654
60	0.886122864878773	0.0552181279777969	0.0552181280272794	0.00344087911615034
61	0.886226062693443	0.0551697428163063	0.0551697428822645	0.00343445160798564
62	0.886363623025979	0.0551052415379073	0.0551052416258188	0.00342589381029515
63	0.886546972734923	0.0550192610609858	0.0550192611781428	0.00341450502594847
64	0.886791326112687	0.0549046577195067	0.0549046578756126	0.00339935829219428
65	0.887116930754487	0.0547519192233741	0.0547519194313316	0.00337923059080765
66	0.887550715847879	0.0545483848771794	0.05454838515413	0.00335251412081119
67	0.888128467112225	0.0542772134546796	0.0542772138233687	0.00331710560972707
68	0.88889768644492	0.0539160204889648	0.0539160209795246	0.00327027208659028
69	0.889921333710398	0.0534350851976845	0.0534350858499475	0.00320849524197013
70	0.891282690670167	0.0527950020289839	0.0527950028954539	0.00312730440539565
71	0.893091626669775	0.0519436243041488	0.051943625453765	0.00302112357231117
72	0.895492569331425	0.0508121215004326	0.0508121230232483	0.00288318614489436
73	0.898674466042273	0.0493099558414079	0.0493099578542427	0.0027056202620761
74	0.902882918388717	0.0473185949061446	0.0473185975591311	0.00247988914600711
75	0.908434405768275	0.044683846311672	0.044683849795334	0.00219789812471925
76	0.915731966394669	0.0412068832914958	0.041206887843499	0.00185426247033621
77	0.925280702226641	0.0366344169714121	0.0366344228813265	0.0014504579206201
78	0.937699809868267	0.030649198754066	0.0306492063633179	0.00100178501434876
79	0.953725340327889	0.0228632787241927	0.0228632884169504	0.0005480925309677
80	0.974194624479852	0.012818350337903	0.0128183625173352	0.000168662664909669
81	0.999999999999994	6.05658943236855e-21	5.72712626144722e-15	3.46868523929219e-35
82	0.986340095280521	0.00682390447506907	0.00678903094963979	4.69692947699277e-05
83	0.981773742973927	0.00911084086085713	0.00903160306789211	8.3813097323972e-05
84	0.986231690120176	0.00692706899863356	0.00679352469565103	4.77161855394866e-05
85	0.999994801796079	5.18691790227357e-06	1.12859598364306e-08	5.8539651420968e-14
86	0.999880861996487	1.03776143686916e-11	0.000119137993134036	1.23651546538871e-15
87	0.999844473067019	0.000155526932756079	2.24908724293485e-13	3.49848051188895e-17
88	1	9.07898869202737e-28	5.31384523895011e-26	4.82443408356115e-53
89	1	1.66230663840309e-16	9.08045788630558e-23	1.50945054241455e-38
90	1	9.38793266896046e-31	5.21555349801729e-19	4.89632650707474e-49
91	0.999999999999998	1.09134557068034e-15	6.00947702643387e-16	6.55841613490387e-31
92	0.999999999999997	3.34895325737872e-15	1.76382379908862e-24	5.90696345739998e-39
93	0.999999770109669	2.01987666386561e-10	2.2968834310984e-07	4.63942230865356e-17
94	1	4.42830882152136e-41	3.6273804675967e-22	1.60631609236727e-62
95	1	9.0462358505261e-35	1.57508820073419e-25	1.42486193492223e-59
96	1	2.18925620217092e-31	4.27888295290345e-16	9.36757104300729e-47
97	1	1.83356251913596e-38	8.34813484975127e-33	1.53068271651966e-70
98	1	3.5980572292477e-32	3.77087936822949e-19	1.35678397714791e-50
99	1	1.37254990739735e-37	5.17469065751953e-18	7.10252118278838e-55
100	1	4.31536280064993e-66	7.50876724593057e-48	3.24030548518274e-113
101	1	7.85315243060994e-26	1.94476120907264e-19	1.52725062159847e-44
102	0.979507677502362	0.00352921307709366	0.0169022099485424	6.08994720023873e-05
103	0.999999998829816	1.17384744739433e-10	1.05279885954531e-09	1.23582525534307e-19
104	0.999945357341387	5.4642658612703e-05	3.07523652255364e-19	1.68048282060122e-23
105	0.999967565240015	3.22622589635205e-05	1.72495455882456e-07	5.56527357602302e-12
106	1	2.53070100680517e-67	1.73518160528951e-19	4.39122583549598e-86
107	0.999999999706154	2.93845640026663e-10	2.51113707620079e-25	7.37886681567728e-35
108	0.999999651313977	3.48686023007308e-07	3.16956843743845e-29	1.10518459846232e-35
109	0.999999893466715	8.00422930248364e-27	1.06533284489172e-07	8.52716928240788e-34
110	1	1.00566364982701e-29	4.98584720359913e-18	5.0140852962513e-47
111	1	2.19329007020932e-57	2.47569766790046e-30	5.42992311184646e-87
112	1	9.00751832452221e-32	1.47848834686284e-18	1.33175108769596e-49
113	0.0981172291969251	0.00103072505706267	0.891486943024095	0.00936510272191759
114	8.44219908182151e-06	0.0488747766232977	0.000164259175442979	0.950952522002178
115	1.47823261565916e-10	9.11720907725784e-05	1.62121481785121e-06	0.999907206546586
116	0.0525917674154591	1.23555085219345e-06	0.947384739899535	2.22571341535456e-05
117	1	5.43809368367279e-28	2.06256846451509e-17	1.12164405390222e-44
118	1	1.90279784698426e-37	9.27359391948838e-22	1.76457745438088e-58
119	1	7.36363909268078e-24	8.117497778543e-20	5.97743239768286e-43
120	0.999999996724436	4.06658943216467e-11	3.23489855491259e-09	1.31550043206224e-19
121	1	1.44902732045466e-27	9.88554495070563e-28	1.4324424711155e-54
122	4.85397377566931e-05	0.824652811908577	1.03176142529699e-05	0.175288330739414
123	1	9.27897803050943e-42	1.36213135628476e-22	1.26391869296343e-63
124	1.37584136722229e-10	5.85939426972326e-05	2.34795178020774e-06	0.999939057967938
125	3.11465513673654e-09	0.00187240223891948	1.66033665405245e-06	0.998125934309771
126	0.999963949122245	2.73173023716696e-05	8.73333680376114e-06	2.38579803193293e-10
127	0.270272015212778	0.729685247999452	1.15510514091957e-05	3.11857363609686e-05
128	0.999869043724348	5.21129752720814e-06	0.000125744322747451	6.5537690391274e-10
129	1	6.09604622554956e-45	1.90323069887367e-37	1.16021823182189e-81
130	0.00066447926020341	0.00586228696138553	0.101143864664461	0.89232936911395
131	0.9998318033973	0.000168196602699432	6.06400245056814e-37	1.02011619102428e-40
132	0.999998656728754	1.97306311253441e-38	1.34327124605822e-06	2.65036250588134e-44
133	0.999999999864875	3.27811878317731e-40	1.35125103867685e-10	4.42956141127299e-50
134	1	2.90175217616161e-61	1.13933430377473e-28	3.3060657953539e-89
135	0.999999999946459	8.6422898615129e-60	5.35405752282259e-11	4.6271317049924e-70
136	0.999999983825265	9.48738551098016e-46	1.61747346810485e-08	1.53455945939037e-53
137	1	2.84618040425809e-30	1.04029730741493e-19	2.96087381096683e-49
138	1	4.72525270142857e-64	3.31522278252989e-42	1.56652654089869e-105
139	0.999999999731889	8.98656761502891e-29	2.68110872677429e-10	2.40939648628611e-38
140	1	1.20685675213379e-74	2.3849736299408e-75	2.87832152895508e-149
141	1	3.50753699419798e-51	1.90111541987063e-25	6.66823266543644e-76
142	0.421813206681941	0.578186793289478	1.20556103126478e-11	1.65248374337251e-11
143	0.00198130304323187	0.99794139657548	1.53167320580605e-07	7.71472139671289e-05
144	0.999999999999999	5.10542939762819e-25	1.21130637381092e-15	6.1842391703887e-40
145	0.997904524971676	0.00209547502832429	6.05617078671205e-24	1.27172032326263e-26
146	0.0926744747192816	0.907325524889227	3.62813004147907e-11	3.55210537121768e-10
147	0.00216923144375049	0.0456449112459569	0.0431987563883819	0.908987100921911
148	0.00514000986926398	0.609258287119031	0.00322591479957004	0.382375788212135
149	0.906138058980619	0.0938619410193632	1.58477214319447e-14	1.64157975663211e-15
150	0.00626307477870072	0.993736918709966	4.07809670782429e-11	6.47055224442853e-09
151	0.999999999258405	9.10012145375714e-21	7.41594990854846e-10	6.74860449128174e-30
152	0.000132688254540361	0.992570740632424	9.75285525309305e-07	0.00729559582751074
153	1	9.74628596604817e-23	2.2822978018434e-27	2.22439270364489e-49
154	0.999999859035617	1.40964382655208e-07	2.43287610757323e-50	3.42948926924249e-57
155	1	5.17160375746457e-20	1.73966447218544e-28	8.99685532108185e-48
156	1	2.35870362519354e-24	2.24372097945855e-37	5.29227280817168e-61
157	2.72965632056612e-05	0.999822224100784	4.10818690378463e-09	0.000150475227823252
158	0.000150465208839196	0.999849513737755	3.16780510458247e-12	2.1050237578959e-08
159	0.0448699408726178	0.955130059127382	4.93795078740221e-21	1.05112356642702e-19
160	0.335731721086451	0.659510829936421	0.0016048615801549	0.0031525873969725
161	0.999999958654271	4.13042675275671e-08	4.14616925659704e-11	1.712544912697e-18
162	1	2.33664132669301e-73	4.68679053367861e-22	1.0951348450547e-94
163	1	7.6792718854208e-61	4.7685424425211e-36	3.66189339132881e-96
164	1	3.09148423529419e-51	1.16062175455218e-37	3.58804385733755e-88
165	1	1.41393222379636e-71	1.10650533187228e-22	1.5645235445367e-93
166	1	1.32854109521506e-85	4.54934961111555e-25	6.04399791486764e-110
167	1	1.26422171366165e-50	1.99723180561943e-54	2.52494381587974e-104
168	1	1.0225915269187e-43	6.47716814069381e-49	6.62349725910125e-92
169	0.999999999999846	2.54764411918704e-50	1.53612989720806e-13	3.9135122989301e-63
170	1	7.66349548640025e-40	1.5390871657169e-46	1.1794787547648e-85
171	1	2.19436713431884e-22	1.70320848409205e-18	3.73746472038462e-40
172	0.999999904918808	9.50811919426245e-08	3.63791812653751e-19	3.45897624549224e-26
173	0.999999999969407	3.05452008689073e-11	4.80319284881157e-14	1.46714490383537e-24
174	0.339666005069277	0.660333994832838	3.32482229007189e-11	6.46368241786412e-11
175	0.0513073860828897	0.388478362783766	0.0653571175194002	0.494857133613944
176	0.99999999999998	3.56481445340459e-21	1.98723010313787e-14	7.08410659390671e-35
177	0.999985769176317	7.73393804911922e-22	1.42308236826418e-05	1.10061875020628e-26
178	0.999999999665888	3.92857229259979e-16	3.3411104550116e-10	1.31257939644595e-25
179	1.87199396330131e-05	9.88579195390533e-17	0.999981280055086	5.28078994175332e-12
180	0.00191350122241927	1.96954190750671e-05	0.987898492729814	0.0101683106286919
181	1	1.19030580472916e-34	4.83309158776608e-20	5.75285697170565e-54
182	0.999928283522344	2.9957553829678e-05	4.17576727790445e-05	1.25104745079686e-09
183	0.999999999999996	1.97091883540016e-40	4.25077314142564e-15	8.37792884944896e-55
184	0.999999999994706	9.07096822426839e-31	5.29385543858923e-12	4.80203944675675e-42
185	1	3.56713863790554e-57	5.19998258381131e-20	1.85490587911492e-76
186	0.989982172965469	0.00499630512671831	0.00499630623108804	2.52156767250298e-05
187	0.989982171621963	0.00499630511993784	0.0049963075745935	2.52156835055189e-05
188	0.999999999999998	3.24953617009821e-31	2.3950405853945e-15	7.78277101109264e-46
189	1	8.55422373947487e-72	1.19423368682591e-29	1.02157421543268e-100
190	1	1.11974251511885e-17	2.2782470048958e-30	2.55105003132399e-47
191	0.978038213802652	1.04079584049393e-16	0.0219617861973476	2.33710047331837e-18
192	0.434232453311096	0.561143390864029	0.00201728677672755	0.00260686904814799
193	0.998877440679343	0.00112255932065663	2.52017039419299e-29	2.83222010071643e-32
194	1	8.02573278263722e-17	9.07894638077006e-19	7.28651975999518e-35
195	1	9.54711626637311e-25	3.28108246346495e-19	3.13248757582577e-43
196	0.000933226612994852	0.0835741639770111	0.0101099094545057	0.905382699955488
197	0.999999999998073	1.78066190158881e-12	1.46649606495757e-13	2.61133367170489e-25
198	0.999999976081302	4.68573127625168e-20	2.39186980170717e-08	1.12076594066538e-27
199	1	2.29383330231454e-36	1.01806886873224e-23	2.3352802751477e-59
200	1	8.95589278499251e-59	1.90932816678708e-30	1.70997383531114e-88
201	1	9.50344729401402e-78	6.08364140710281e-28	5.78155654680829e-105
202	1	5.49610005747136e-56	7.38829213904038e-28	4.06067928499951e-83
203	1	2.49599203437278e-43	1.3289192039959e-25	3.3169717474988e-68
204	1	1.3505180764635e-66	1.33032051481348e-58	1.79662190274584e-124
205	0.999999999978654	2.70551712376338e-16	2.13454743151220e-11	5.77505462756468e-27
206	1	2.29383389211122e-36	9.23816213200997e-67	2.11908093992229e-102
207	1	2.75233702881114e-21	1.57888388580652e-22	4.3456205830985e-43
208	0.999999999963763	3.52663935214e-11	9.70485744839636e-13	3.42255321856639e-23
209	1	6.6397829993479e-31	3.39625211489734e-23	2.25503770539947e-53
210	1	6.49844130802599e-24	3.58875688982464e-21	2.33213260172993e-44
211	0.00986938303502533	0.990130616964975	2.48205849129777e-24	2.49008686420438e-22
212	0.436042111119271	0.562622664311362	0.000582992566043216	0.000752232003324175
213	8.1032943058503e-06	0.954065047645572	3.90073627067186e-07	0.0459264589864954
214	1.21383334861995e-05	0.998700615930077	1.56451571894425e-08	0.00128723009127929
215	0.000395687326982622	0.82634138662876	8.29259340501159e-05	0.173180000110207
216	1	1.09402736491252e-36	1.13110113377253e-23	1.23745559283072e-59
217	6.65187340491242e-06	0.00347854288386215	0.00190195693275791	0.994612848309975
218	0.999673912576432	9.49943340587936e-31	0.000326087423568292	3.09865619749773e-34
219	1.233704376036e-05	0.988383701431149	1.44839290685002e-07	0.0116038166857995
220	1.95094974200512e-05	0.618681206958004	1.20235150707414e-05	0.381287260029505
221	1.07238122648596e-07	0.0133654007979431	7.9162595520543e-06	0.986626575704382
222	0.525866476948953	0.474133522149881	4.73892670607983e-10	4.27272722041545e-10
223	0.000126994877883751	0.666958636683328	6.33777997386691e-05	0.33285099063905
224	0.994382250362415	0.0056177083281018	4.10774187117665e-08	2.32064638231336e-10
225	1	4.16921756817868e-20	4.16600480208265e-36	1.73689804099597e-55
226	0.000260681222930384	0.0226415450359948	0.011121671740629	0.965976102000446
227	1	5.23592523301392e-30	2.96053662642091e-42	1.55011484255392e-71
228	0.971219809399593	0.0287414338569825	3.76427758735612e-05	1.11396755141559e-06
229	0.999999937040039	6.29599613232533e-08	2.26444014716874e-26	1.4256907306071e-33
230	0.784509935839018	0.0812532631058906	0.121638462239218	0.0125983388158735
231	1	8.80677122607691e-20	1.43400676505665e-36	1.26289695165005e-55
232	0.999999999433516	5.06799334691902e-10	5.96849743489393e-11	3.02483053082809e-20
233	0.000161666424284189	0.0513037169614721	0.00297959890103994	0.945555017713204
234	1	6.99232335071508e-47	7.67467798809977e-24	5.3663830105409e-70
235	1	1.94141487733769e-17	2.83193694567233e-23	5.49796451801051e-40
236	0.000689550160823648	5.02713546245631e-10	0.999309720794056	7.28542406455317e-07
237	1.29188391981895e-06	0.000452328232986955	0.00284665041773179	0.996699729465361
238	1	5.90280524891401e-35	2.80126328552178e-31	1.65353116253681e-65
239	1	1.99406891412051e-68	1.18622982943595e-27	2.3654240278807e-95
240	0.999999999997338	6.20876039731304e-21	2.66206675854486e-12	1.65281346655008e-32
241	0.999999968641684	3.13583157136662e-08	3.37502435478107e-26	1.05835082577347e-33
242	0.975663746280344	0.0113885081752806	0.0127983557777056	0.000149389766669335
243	0.999997183303889	2.81669610424624e-06	6.32243452929919e-15	1.78084268689557e-20
244	3.50357581485498e-06	0.0120963539741552	0.000286051553275377	0.987614090896755
245	1	8.92145927816748e-21	3.73940143116039e-34	3.33609175928186e-54
246	0.999999998872464	1.12753575579276e-09	1.2684932072251e-22	1.43027144873923e-31
247	0.907851199880974	0.0921488001190262	1.99826364831137e-22	2.02827949709713e-23
248	0.00146059820780735	0.998539401450222	4.99481906663141e-13	3.41471296793767e-10
249	0.0389206120147476	0.00022513436829865	0.955328204546427	0.00552604907052714
250	0.111900190522659	2.39561376828633e-36	0.888099809477341	1.90128731797428e-35
251	0.0447297179373266	0.201006623884951	0.137293492816238	0.616970165361484
252	0.999999999998991	1.00380793365167e-12	4.84683705107707e-15	4.86529348499295e-27
253	0.999999922799369	4.9147116762572e-16	7.72006305044251e-08	3.79418869445893e-23
254	0.0561176021279517	0.936366298655395	0.000424979654643717	0.00709111956200951
255	0.436377464663251	0.557389353559994	0.00273708078258128	0.00349610099417432
256	1	4.80651733623954e-27	9.95789529766262e-47	4.78627963806735e-73
257	3.77722117185676e-08	0.000498026597398633	7.58002399474683e-05	0.999426135390442
258	1	4.6091941330617e-21	4.79402535496268e-25	2.2096593539843e-45
259	0.0833114434411646	0.516660556318756	0.0555474424310124	0.344480557809067
260	1	2.17175740500844e-19	8.72245123238766e-20	1.89430480537629e-38
261	0.0382518865192498	0.961747889028893	8.58570888786458e-09	2.15866148054292e-07
262	1	2.26253581501605e-42	1.90544797066139e-25	4.31114427727105e-67
263	0.533874004133188	0.466125995866812	1.74031020697983e-22	1.51946680689715e-22
264	1.80242594108896e-06	0.0886790779142636	1.85224280091013e-05	0.911300597231786
265	2.74179087841247e-07	0.0470626855111663	5.5516144798766e-06	0.952931488695266
266	1	2.70258417121574e-16	9.81345304792482e-21	2.65216828722905e-36
267	0.999952349673094	4.76503111971301e-05	1.57080369285636e-11	7.4852851557053e-16
268	0.00406279370651759	0.247753078472605	0.0120711920957262	0.736112935725151
269	0.999958599284751	4.14006362311772e-05	7.90147535008475e-11	3.27139650473988e-15
270	0.992150257159519	0.00784973576468003	7.02025743543243e-09	5.55431654333732e-11
271	0.999999999999712	2.87814773745558e-13	3.78856140537122e-24	1.09040394370839e-36
272	1	1.41752626750025e-19	6.27726674351226e-33	8.89819049703441e-52
273	1	5.05186892418356e-32	3.79959395300222e-26	1.91950506156877e-57
274	0.999999999999979	2.08341387347027e-14	1.9410140369358e-18	4.04393557315267e-32
275	0.999427169093081	0.000571791339597542	1.03897290569971e-06	5.94416209531983e-10
276	0.535278985539339	0.00309174900723723	0.458978226435898	0.00265103901752631
277	1	6.25559665498728e-25	1.92430540597046e-19	1.20376784607627e-43
278	0.999832131875676	1.88456443690834e-05	0.000149019671111589	2.80884324101317e-09
279	0.999999999997877	1.63056842912217e-58	2.12276718896119e-12	3.46131716070388e-70
280	7.50210409578676e-05	0.00213859347424184	0.0338157221045799	0.96397066338022
281	0.950364719918066	1.20119611398736e-10	0.049635279955541	6.27356047101693e-12
282	0.00446042756728019	9.8234407112489e-12	0.995539570230366	2.19253060302994e-09
283	0.997805795621199	0.0021901874719801	4.00810900629107e-06	8.79781433464627e-09
284	5.05280288185692e-06	0.000327472688936942	0.0151901818668568	0.984477292641324
285	7.0007900342491e-10	0.00335786581509534	2.07789150768284e-07	0.996641925695675
286	3.22901804908294e-11	4.34058317810581e-06	7.43904650561473e-06	0.999988220338026
287	0.967182935922324	0.0328167558075984	2.98153651138237e-07	1.01164269954957e-08
288	3.3515946221653e-05	0.999818505955312	4.9603600148114e-09	0.000147973138105979
289	1	1.14772178790724e-92	2.66080212678177e-23	3.05386057421735e-115
290	0.000262044440743209	0.439262839227249	0.000334154888305819	0.560140961443702
291	1	1.24286728264846e-52	6.12309067772712e-24	7.61018907203682e-76
292	0.706669328676932	0.293075735447286	0.000180201303972056	7.4734571810339e-05
293	1	1.17562407314797e-75	8.73838603865888e-79	1.02730569875075e-153
294	0.999999999999588	6.27967936542937e-77	4.12487718154701e-13	2.59029061219019e-89
295	1	7.01784027369089e-85	1.72641653401004e-61	1.21157154815415e-145
296	0.999963544304751	4.54010149399471e-41	3.64556952493e-05	1.65518590561258e-45
297	1	1.27001038215028e-67	1.94692943536264e-30	2.47262059622454e-97
298	1	5.82984167216539e-95	5.29950198840396e-18	3.08952575337208e-112
299	1	1.39396109120515e-59	5.1130985035621e-19	7.12746036946485e-78
300	1	5.4073587531404e-61	1.00780092818567e-47	5.4495411704478e-108
301	1	2.75499619329391e-28	1.09440199580915e-41	3.01507333238747e-69
302	1	1.24881174703117e-45	2.1999450790075e-29	2.74731725748799e-74
303	1	5.18578023325977e-41	2.82222414074522e-19	1.46354341629051e-59
304	1	6.36655075419876e-69	3.79856718487585e-25	2.4183770775746e-93
305	0.999999997100257	5.9668441447285e-26	2.89974256799716e-09	1.73023120132461e-34
306	0.999999967271651	1.98044284857959e-14	3.2728329182947e-08	6.4816587597666e-22
307	0.506853585473641	1.85921312440416e-06	0.493142746393474	1.80891976021572e-06
308	1	7.71658744937366e-88	2.97125535271963e-19	2.29279517636806e-106
309	0.999999999995835	4.16530493145162e-12	7.38507729626187e-24	3.07610988813991e-35
310	1	1.05314803058258e-52	3.25978188744288e-19	3.43303287488924e-71
311	0.826261751164534	0.171467435177037	0.00188055686419471	0.00039025679423448
312	0.997633573997131	0.00236633922972746	8.6567806422291e-08	2.05334705755512e-10
313	0.999999999999852	1.47517577364944e-13	6.97455930784836e-29	1.02887009228206e-41
314	0.999999999999998	2.00000126170713e-15	1.48844620523936e-17	2.97689428846192e-32
315	0.00290383140258103	0.997096168597386	9.69015452227745e-17	3.32733365259827e-14
316	7.91994395753715e-05	0.999920800131826	3.39447555924716e-14	4.28564486747433e-10
317	8.29916053803459e-07	0.999999151607139	1.53341989382511e-14	1.84767915484349e-08
318	1.14829928455801e-06	0.806050941707676	2.76297585537686e-07	0.193947633695454
319	1	2.92578425187436e-46	1.32253477570787e-54	3.86945141932227e-100
320	0.999643384555247	0.000356512409368575	1.02998650930179e-07	3.6733396901504e-11
321	0.10504032188817	0.89495967578014	2.44921418533559e-10	2.08676810373609e-09
322	0.999994922297942	2.88542972916867e-09	5.07481661405723e-06	1.46431010815843e-14
323	1.03725176543957e-07	0.000940797140099513	0.000110136556634149	0.99894896257809
324	0.99999999999738	3.10535017263916e-56	2.61969228473082e-12	8.13506188867163e-68
325	0.000321209006461204	0.238871764364483	0.00102167745853151	0.759785349170524
326	1	1.50540780685832e-75	1.86942627899174e-49	2.81424891474025e-124
327	0.0528038953124106	0.676452706137029	0.0196039446817147	0.251139453868846
328	1	6.17562229864936e-78	5.51756258487419e-38	3.40743825333425e-115
329	0.000164062204292921	0.513701360432983	0.000155208556232113	0.485979368806492
330	1	1.22396964937709e-25	3.73262282734762e-29	4.56861705324561e-54
331	0.999999791667856	2.08332119909293e-07	2.41678524772957e-14	5.03494098919013e-21
332	1	6.00982235642452e-42	5.58586623613283e-19	3.3570063785908e-60
333	0.999996822985121	2.79566244013653e-18	3.17701487940242e-06	8.88188938799498e-24
334	0.999940562244408	5.85167911289328e-05	9.20910571283016e-07	5.38919347638413e-11
335	0.999999999395676	8.25482444610435e-29	6.04323544676411e-10	4.98858477296599e-38
336	1	2.99569635481766e-80	1.94349132643652e-28	5.82210988222564e-108
337	1	3.17373866160613e-55	9.06415431947257e-21	2.87672569984743e-75
338	1	3.62131800814192e-27	2.72017463594154e-44	9.850617394426e-71
339	9.82244110437514e-07	0.00739846823475443	0.000131763304122247	0.992468786217013
340	2.44397219419273e-06	0.43584450541927	3.16343700668623e-06	0.564149887171529
341	0.000331790764218655	0.999668209235762	6.24517931283873e-18	1.8816398445339e-14
342	1	1.35222736709253e-24	5.33821234501579e-43	7.21847682428156e-67
343	1	4.58903368122935e-55	5.87414586031375e-23	2.69566532014337e-77
344	1	8.2793459154026e-39	2.81840978242025e-33	2.33345895200118e-71
345	1	1.79461177206295e-35	1.4112605990639e-24	2.53266488452869e-59
346	1	1.04912039617212e-54	1.58893773328671e-17	1.66698698423859e-71
347	1	4.36146595753027e-46	4.45496851582081e-42	1.94301935236216e-87
348	0.999860092699363	1.72045972784698e-11	0.000139907283429481	2.40738527850486e-15
349	1	1.89577684701813e-55	1.98474695993371e-22	3.76263733383193e-77
350	1	7.99947856487743e-23	7.17201025952627e-31	5.73723423381615e-53
351	1	2.99747989795914e-39	5.62991764661064e-21	1.68755649728808e-59
352	1	1.28391248346708e-16	1.05016387516801e-46	1.34831850901438e-62
353	1	1.45845288617335e-28	2.09153394537028e-40	3.05040371915481e-68
354	0.999999998362248	1.59497243857115e-09	4.27799249544541e-11	6.82328013382449e-20
355	1	4.95110117715523e-30	4.53280486489833e-42	2.24423755024131e-71
356	0.00240664404743765	0.195195758065515	0.00977258060622815	0.79262501728082
357	0.99659332845131	0.00281186396029718	0.000593134074952855	1.67351343960519e-06
358	0.753543809454486	0.246298776072082	0.000118637377213405	3.87770962184894e-05
359	1	1.41873952467397e-42	5.41158381640834e-18	7.67762785142449e-60
360	0.999999999999387	6.12762692411665e-13	8.37170936808302e-20	5.12987117247765e-32
361	1	2.66411561262427e-16	2.53561351396202e-23	6.75516755012731e-39
362	0.997965321035355	0.00203467896446516	1.79655510477726e-13	3.66286563585238e-16
363	1	4.23033367011057e-42	1.19444928067261e-26	5.05291900926869e-68
364	1	2.42400713475865e-35	2.85461303835682e-23	6.91960237195198e-58
365	1	3.34506409931894e-20	3.4164033405001e-64	1.14280881631002e-83
366	0.999999999999864	1.35265919378878e-13	6.43504344900728e-16	8.70442068373113e-29
367	1	4.74857540123902e-52	2.36981904547522e-24	1.12532644247313e-75
368	1	2.89513320468799e-31	1.14392638379266e-18	3.31181925743678e-49
369	1	4.33621576305497e-64	9.39689885023139e-33	4.07469809182064e-96
370	1	6.01314635146578e-67	1.52667124652981e-47	9.18009763595846e-114
371	1	8.62106352370703e-34	3.35314164484972e-17	2.8907647124237e-50
372	1	3.42919678472422e-94	1.64111606551248e-29	5.62770993521467e-123
373	1	1.30813475979769e-117	5.47117437799792e-51	7.1570333807736e-168
374	0.999999999999062	2.72441300115504e-45	9.37845612789975e-13	2.55507878056362e-57
375	0.999999999999812	1.88371864628878e-13	2.94558965515307e-33	5.54866215772822e-46
376	1	4.14121669180869e-57	1.81912121324519e-26	7.53337513271424e-83
377	1	2.3666216038492e-52	8.95196671516843e-34	2.11859178250566e-85
378	1	2.39192786215014e-26	5.55062991002926e-34	1.32767063342829e-59
379	0.999999999669281	2.65783369590297e-15	3.30716092020525e-10	8.78988373440194e-25
380	0.999999999906536	3.22365579758877e-13	9.3141745336063e-11	3.00256927378199e-23
381	0.999999999991458	7.44411878203938e-12	1.09826124837426e-12	8.1755871866787e-24
382	1	1.51408715227085e-20	2.5638978483504e-20	3.88196479192221e-40
383	1	9.58239411002849e-40	2.14503120245546e-32	2.05545343602365e-71
384	1	2.09973051065051e-57	1.55800970665376e-27	3.27140051695057e-84
385	1.33704063299803e-05	0.798134016418168	3.3813948419507e-06	0.20184923178066
386	1.12145572275034e-05	0.573801730999522	8.329367869241e-06	0.426178725075381
387	0.0137283646755051	0.986271476546568	2.179761623538e-09	1.56598164878459e-07
388	1	6.99070704222001e-17	2.84219321221893e-16	1.98689401040088e-32
389	1	4.88720592794656e-29	8.04781824923814e-19	3.93313450547131e-47
390	1	1.30325392601571e-69	1.06974639530309e-69	1.3941511895199e-138
391	1	1.51162500236525e-55	3.63963292692745e-25	5.50176013177535e-80
392	1	1.14889713653582e-28	2.09216529750781e-30	2.40368271946634e-58
393	0.999999999999964	3.60130885633719e-14	1.12598084518915e-35	4.05500478984588e-49
394	0.999890231769459	0.000109768230541024	2.93266719861111e-23	3.21949028932473e-27
395	0.999999999696539	3.01691340546377e-10	1.7692834321345e-12	5.33777490609133e-22
396	1	2.21048269727159e-31	2.19812582624419e-26	4.85891910533859e-57
397	1	4.07812068122758e-55	7.00260491784474e-36	2.85574679379286e-90
398	0.99999999999993	1.35997487111219e-31	7.0519419350338e-14	9.59046382418894e-45
399	1	4.16080429792831e-29	2.30053548594349e-26	9.57207793745028e-55
400	0.999728138033977	0.000271859921844523	2.0436226518193e-09	5.557301763016e-13
401	0.999999999884027	4.94604926456888e-62	1.15973382513873e-10	5.73610063358833e-72
402	0.974668029224481	0.0253317239510321	2.40571995701255e-07	6.25249131265955e-09
403	1	4.764287260623e-19	4.52169786767555e-39	2.15426675473528e-57
404	0.104076948504121	0.895923051489206	6.94458810488109e-13	5.97809280122615e-12
405	0.999999998520395	9.25127682139691e-83	1.47960489747649e-09	1.36882345131028e-91
406	0.999999999986745	1.2708028389506e-11	5.46776860886541e-13	6.94845587096324e-24
407	0.000594239995988292	0.856435450112906	9.91315439320903e-05	0.142871178347174
408	0.999896400145054	0.000103588278033071	1.15757133781851e-08	1.19923245615908e-12
409	1	7.2161979207754e-19	5.88218352297547e-18	4.24470005081149e-36
410	0.999999999999976	2.34827826447429e-14	4.26874386020242e-17	1.00241984235216e-30
411	1	1.33628566289341e-18	1.09992814317919e-19	1.46981820794332e-37
412	0.999999750752998	1.85106328812382e-29	2.49247002308328e-07	4.61372090643469e-36
413	0.999999981715485	1.82845150033143e-08	3.21906594868735e-21	5.88590607116414e-29
414	0.999716206984067	0.000283793015932769	7.38641826220526e-28	2.09680897531506e-31
415	0.999999977516109	2.24825843737654e-08	1.30668168553767e-12	2.9377581905277e-20
416	0.0038505961571295	0.982781814900909	5.21705814983382e-05	0.0133154183604636
417	0.836656154600313	0.163343837436761	6.66223062174905e-09	1.30069480713383e-09
418	0.999998251046641	1.74893864207391e-06	1.47172196644726e-11	2.57395591923747e-17
419	0.999999999995694	4.30535916762378e-12	3.72605326339247e-16	1.60419975766704e-27
420	1	2.37305818590042e-38	9.41372487750644e-19	2.23393168803811e-56
421	1	1.5624063287331e-21	9.44579691539016e-20	1.47581728805331e-40
422	0.999999999999998	6.78985356215408e-27	1.76589306729789e-15	1.19901553333758e-41
423	0.945845684961712	5.73817596399021e-19	0.0541543150382885	3.28538781578984e-20
424	1	2.16341441143732e-52	2.10866740859525e-24	4.56192146068316e-76
425	0.999999927536538	7.69660630499183e-30	7.24634623926936e-08	5.57722781947668e-37
426	0.999999999980781	4.29926157835092e-36	1.92188161251293e-11	8.26267177497476e-47
427	0.9999999999892	1.75321969354972e-24	1.08002354650355e-11	1.89351855124789e-35
428	1	3.9916029875402e-22	6.35040315686295e-17	2.53482882130189e-38
429	0.999999996526025	3.47397069760964e-09	4.3215930374158e-15	1.50130876311314e-23
430	1	1.5440467989835e-41	2.44167178164225e-17	3.77005549861307e-58
431	0.999999999999991	3.7427683997885e-56	8.85621696851678e-15	3.31467690114356e-70
432	0.999931324894023	2.99183075996552e-05	3.87556387944784e-05	1.15958275714307e-09
433	1	5.40104568002076e-31	3.1700942581451e-76	1.71218238982132e-106
434	0.999999694095798	1.45182325083382e-35	3.05904201568503e-07	4.44118968222765e-42
435	0.999999999142921	3.21469602835722e-10	5.35609345525473e-10	1.72182123728749e-19
436	1	4.83835112115463e-16	9.83469889929897e-22	4.75837264456414e-37
437	0.999999999999998	3.97891766463057e-81	2.35680120915793e-15	9.37751796314119e-96
438	0.999999999985437	2.60997136787432e-29	1.45633569735611e-11	3.80099447216808e-40
439	0.984616545992786	0.00677585150085994	0.0085487722828133	5.88302235410889e-05
440	0.977842086535471	0.00899246913805649	0.0130454750255254	0.00011996930094711
441	0.979535595707094	0.00674242436283983	0.013628173305662	9.38066244042608e-05
442	0.996414252764698	1.14824188971635e-09	0.00358574608292807	4.13212059831565e-12
443	0.948772556947352	2.21972882615684e-55	0.0512274430526484	1.19850675698435e-56
444	1	2.82078790700982e-24	2.87707261147532e-25	8.11561163003873e-49
445	0.0164299916610463	0.98356997214974	5.94588503223447e-10	3.55946253425426e-08
446	0.0305589196194413	0.969441032882616	1.45148588889696e-09	4.60464570367731e-08
447	0.823043350671802	0.173336727903363	0.00299017646250538	0.000629744962329471
448	0.998239085200919	0.00105993744057344	0.000700233845174684	7.43513333289254e-07
449	0.672208992895614	0.327791006916728	1.2614531008196e-10	6.15125632751088e-11
450	0.999999999999939	4.69488853118731e-14	1.38503471249261e-14	6.50258358697827e-28
451	0.999845366680996	0.000127498482975549	2.71313762838926e-05	3.45974430898051e-09
452	0.721040548526862	0.278865568543894	6.7699754650927e-05	2.61831745934183e-05
453	0.999999999686969	3.10528414821323e-10	2.50270089241146e-12	7.77159741135718e-22
454	1	1.65558320270502e-33	2.42673783687727e-16	4.01766640010271e-49
455	0.999999999999999	2.49979499719171e-33	5.92866043117758e-16	1.48204356859062e-48
456	1	2.55644945747824e-91	1.29621916385801e-41	3.31371877821771e-132
457	0.99999994741234	5.25842220757809e-08	3.43767497471186e-12	1.80767473800742e-19
458	0.999997522027514	2.47772247725004e-06	2.50007678897226e-10	6.19451180471749e-16
459	1	1.50336793376489e-17	7.60403925855414e-17	1.14316687883997e-33
460	0.994606150342683	1.83445923351405e-25	0.00539384965731738	9.94845779371394e-28
461	1	3.14171882547887e-48	3.78076038666586e-17	1.18780860814129e-64
462	1	2.85082502500852e-28	2.44685023364036e-16	6.97554187850986e-44
463	1	6.18337914508686e-27	5.46238912018125e-20	3.37760229680781e-46
464	1	2.86015889569977e-52	2.29778117501368e-18	6.57201926808684e-70
465	0.957327389780212	4.99668152598928e-11	0.042672610167594	2.22725731203734e-12
466	0.999999727955627	2.60628823590747e-09	2.69438084257427e-07	7.02233500344251e-16
467	0.992336432009236	0.000223845402374413	0.00743804475810145	1.67783028824706e-06
468	1	1.43119184561244e-27	2.93036435330715e-35	4.19391356712655e-62
469	0.999999999861581	3.75565504890599e-65	1.38419396589138e-10	5.19855505738474e-75
470	0.986563448346448	0.0134365516530104	5.34091457615608e-13	7.27408609118025e-15
471	0.999996488624907	3.50923223171142e-06	2.14285367843825e-09	7.51979760104688e-15
472	0.5393094034771	7.48295259130631e-07	0.460689209018407	6.39209234659214e-07
473	0.999548571815889	1.70352907632548e-17	0.000451428184111261	7.6936835206443e-21
474	0.999998000955473	1.99904452740707e-06	1.36236931815932e-38	2.72344237405625e-44
475	0.011237231391104	0.8936425411286	0.00118124864609819	0.0939389788341978
476	0.999999999978839	1.88368888730981e-11	2.32415392034321e-12	4.37798291224068e-23
477	1	2.93143564961961e-23	4.8325968945124e-19	1.41664468168147e-41
478	1	3.76214881350929e-19	5.90317315257656e-21	2.22086158719058e-39
479	1	3.36360332692515e-28	3.22703566499832e-18	1.08544678988945e-45
480	0.999999851674345	1.48325235013877e-07	4.20224409202919e-13	6.2329893498713e-20
481	0.999999999999993	7.09408229694153e-15	4.66786083913895e-28	3.31141889435225e-42
482	0.891551184765552	0.10844877276432	3.78642941536947e-08	4.60583340892005e-09
483	0.999999999890731	1.0684990812136e-11	9.85837843431017e-11	1.05336683004674e-21
484	0.999999996734995	3.25136439189823e-09	1.36410028517422e-11	4.43518710867458e-20
485	0.999999999999769	2.30652876789769e-13	5.70170419073947e-16	1.31511447419865e-28
486	1	1.06987178705275e-32	3.35588721812264e-20	3.59036905520034e-52
487	1	9.67113059548207e-20	1.75057742835283e-24	1.69300629271034e-43
488	0.999989147572673	1.08524273271158e-05	1.62910829387746e-26	1.76799712379098e-31
489	0.999999999999362	7.04678007000123e-28	6.38419676191786e-13	4.49880305048779e-40
490	0.999999999998617	2.86286717491692e-31	1.38326291836778e-12	3.96009800328039e-43
491	0.999999999999999	9.23752703992555e-16	2.59278169817303e-22	2.39508910454975e-37
492	0.999999999999994	5.58584038493256e-15	5.42656215853548e-16	3.03119100564945e-30
493	0.999962153809095	2.14200990495882e-05	1.64257400008603e-05	3.51854294125998e-10
494	0.996342612022164	0.00365738797783596	1.21576471214638e-16	4.46284559992547e-19
495	1	2.65043059764676e-23	1.43897730856189e-27	3.81390948793181e-50
496	0.99999999431948	7.16309131563514e-16	5.68051972694886e-09	4.06900817555423e-24
497	0.999999999999998	4.29419458252755e-42	1.93693071135577e-15	8.31755736743518e-57
498	1	3.1972925524936e-67	3.46738637454143e-32	1.10862486319391e-98
499	1	2.00713783467436e-69	6.04017137928904e-21	1.21234565032883e-89
500	0.999997528390967	2.44297186557586e-06	2.86370975003597e-08	6.99597964183962e-14
501	1	2.05196900682853e-20	5.47568075667228e-20	1.12359272039789e-39
502	0.999999999916478	3.36462649924281e-37	8.35217507781079e-11	2.81019495954647e-47
503	1	3.26850232734269e-57	6.10925679194912e-24	1.99681200428198e-80
504	0.999999999999983	2.94608343434637e-36	1.65332043049346e-14	4.87081993194327e-50
505	0.99999997673162	1.08744202192158e-50	2.32683796947849e-08	2.53030144508962e-58
506	1	4.86905238122579e-28	1.87206470104621e-56	9.11518109043779e-84
507	0.975804597976232	0.0241950201748274	3.72610094768408e-07	9.2388463622361e-09
508	0.566712620914857	0.433287357100039	1.24592360755781e-08	9.52586773514572e-09
509	0.997537576323251	0.00246237748723181	4.60757811537876e-08	1.13736032519081e-10
510	1	2.07089967559008e-33	3.41198279072639e-19	7.06587405443421e-52
511	1	2.12560156354916e-37	4.91069334050633e-37	1.04381774426907e-73
512	1	2.16341438483108e-70	1.59203843222723e-25	3.44423884548431e-95
513	1	1.84891293460956e-46	4.76828759316721e-17	8.81614860694514e-63
